              precision    recall  f1-score   support

           0       1.00      0.90      0.95        30
         0.5       1.00      1.00      1.00        30
           1       0.90      0.93      0.92        30
          10       0.77      0.89      0.83        27
          15       0.92      0.80      0.86        30
           2       0.90      0.93      0.92        30
          20       0.72      0.70      0.71        30
          25       0.90      0.90      0.90        30
           4       0.90      0.90      0.90        30
           8       0.75      0.80      0.77        30

    accuracy                           0.88       297
   macro avg       0.88      0.88      0.88       297
weighted avg       0.88      0.88      0.88       297
